parameters that led to the best results: {'criterion': 'gini', 'max_depth': None, 'max_features': 'auto', 'max_leaf_nodes': None, 'n_estimators': 209, 'n_jobs': 8, 'warm_start': True}
confmatrix
[5 0 0 0 0 0 0 0 0 0 0 0 0 0 0 0 0 0 0 0 0 0 0 0 0 0 0 0 0 7 0 0]
[ 0 35  0  0  0  0  0  0  1  0  0  0  0  0  0  0  0  0  0  0  0  0  0  0
  0  0  0  0  0  2  0  0]
[ 0  0  4  0  0  0  0  0  0  0  3  0  0  0  0  0  0  3  0  3  1  0  0  0
  0  0  0  0  0 10  0  0]
[ 0  0  0  0  0  0  0  2  1  0  0  0  0  0  2  0  0  0  0  0  0  0  0  0
  0  0  0  0  0 21  0  0]
[ 0  0  0  0 14  0  0  0  0  0  0  0  0  0  0  0  0  0  0  0  0  0  0  0
  0  0  0  0  0  1  0  0]
[0 0 0 0 0 1 0 0 0 0 0 0 0 0 0 0 0 0 0 0 0 0 0 0 0 0 0 0 0 0 0 0]
[ 0  0  0  0  0  0 41  0  0  0  0  0  0  0  0  0  0  0  0  0  0  0  0  0
  0  0  0  0  0  6  0  0]
[ 0  0  0  0  0  0  0 12  0  0  0  0  0  0  3  0  0  0  0  0  0  0  0  0
  0  0  0  0  0 31  0  0]
[ 0  0  0  0  0  0  0  0 90  0  0  0  0  0  1  0  3  0  0  1  0  0  0  0
  0  0  0  0  0  4  0  0]
[0 0 0 0 0 0 0 0 0 2 0 0 0 0 0 0 0 0 0 0 0 0 0 0 0 0 0 0 0 4 0 0]
[ 0  0  0  0  0  0  0  0  0  0 14  0  0  0  0  0  0 15  0  6  3  0  0  0
  0  0  0  0  0 11  0  0]
[ 0  0  0  0  0  0  0  0  0  0  0 44  0  0  0  0  0  0  0  0  0  0  0  0
  0  0  0  0  0  5  0  0]
[ 0  0  0  0  0  0  0  0  0  0  0  0 49  0  2  0  0  0  0  4  0  0  0  0
  0  0  0  0  0 10  0  0]
[0 0 0 0 0 0 0 0 3 0 0 0 0 8 0 0 0 0 0 0 0 0 0 0 0 0 0 0 0 1 0 0]
[  0   0   0   0   0   0   0   0   0   0   0   0   0   0 325   0   0   0
   0   0   0   0   0   0   0   0   0   0   0  11   0   0]
[ 0  0  0  0  0  0  0  0  0  0  0  0  0  0  0 29  4  0  0  0  0  0  0  0
  0  0  0  0  0 15  0  0]
[   0    0    0    0    0    0    0    0    1    0    0    0    0    0
    0    0 1361    0    0    3    0    0    0    0    0    0    0    0
    0   34    0    0]
[ 0  0  0  0  0  0  0  0  0  0  6  0  0  0  0  0  0 15  0  6  4  0  0  0
  0  0  0  0  0 13  0  0]
[0 0 0 0 0 0 0 0 0 0 0 0 0 0 0 0 0 0 0 2 0 0 0 0 0 0 0 0 0 4 0 0]
[  0   0   0   0   0   0   0   0   0   0   0   0   0   0   0   0   0   0
   0 333   0   0   0   0   0   0   0   0   0  11   0   0]
[0 0 0 0 0 0 0 0 0 0 5 0 0 0 0 0 0 1 0 2 5 0 0 0 0 0 0 0 0 8 0 0]
[0 0 0 0 0 0 0 0 1 0 0 0 0 1 1 0 0 0 0 1 0 3 0 0 0 0 0 0 0 0 0 0]
[ 0  0  0  0  0  0  0  0  0  0  0  0  0  0  0  0  0  0  0  0  0  0 59  0
  0  0  0  0  0  0  0  1]
[ 0  0  0  0  0  0  0  0  0  0  0  0  0  0  0  0  0  0  0  0  0  0  0 40
  0  0  0  0  0  0  0  0]
[ 0  0  0  0  0  0  0  0  0  0  0  0  0  0 10  0  0  0  0  0  0  0  0  0
 14  0  0  0  0 16  0  0]
[0 0 0 0 0 0 0 0 0 0 0 0 0 0 0 0 0 0 0 0 0 0 0 0 0 0 0 0 0 2 0 0]
[ 0  0  0  0  0  0  0  0  4  0  0  0  0  0  0  0 14  0  0  0  0  0  0  0
  0  0  1  0  0  0  0  0]
[0 0 0 0 0 0 0 0 0 0 0 0 0 0 0 0 0 0 0 0 0 0 0 0 0 0 0 6 0 2 0 0]
[ 0  0  0  0  0  0  0  2  4  0  0  0  0  2  1  0  5  0  0  0  0  0  0  0
  0  0  1  0  9 30  0  0]
[   0    0    0    0    1    0    0    0    0    0    0    0    0    0
    1    0    2    0    0    1    0    0    0    0    0    0    0    0
    0 3060    0    0]
[ 0  1  0  0  0  0  0  0  0  0  0  0  0  0  0  0  1  0  0  3  0  0  0  0
  0  0  0  0  0  3 13  0]
[  0   0   0   0   0   0   0   0   0   0   0   0   0   0   0   0   0   0
   0   0   0   0   0   0   0   0   0   0   0   0   0 896]
